   -117.329597       34.560650    -23.19  469763.10  3824175.70  469875.00  3824125.00    852.49    850.00    595.65 -32073.69 0    2003.00     1657.00    387.00     15.00   2083.22    712.42   1941.63
   -117.329597       34.560650    -46.39  469763.10  3824175.70  469875.00  3824125.00    852.49    850.00    595.65 -32073.69 0    2003.00     1657.00    387.00     15.00   2594.06   1042.52   2121.45
   -117.329597       34.560650    -69.58  469763.10  3824175.70  469875.00  3824125.00    852.49    850.00    595.65 -32073.69 0    2003.00     1657.00    387.00     15.00   2975.59   1330.10   2218.47
   -117.329597       34.560650    -92.78  469763.10  3824175.70  469875.00  3824125.00    852.49    850.00    595.65 -32073.69 0    2003.00     1657.00    387.00     15.00   3286.80   1589.03   2281.29
   -117.329597       34.560650   -115.97  469763.10  3824175.70  469875.00  3824125.00    852.49    850.00    595.65 -32073.69 0    2003.00     1657.00    387.00     15.00   3550.57   1824.71   2326.52
   -117.329597       34.560650   -139.17  469763.10  3824175.70  469875.00  3824125.00    852.49    850.00    595.65 -32073.69 0    2003.00     1657.00    387.00     15.00   3778.61   2039.89   2361.58
   -117.329597       34.560650   -162.36  469763.10  3824175.70  469875.00  3824125.00    852.49    850.00    595.65 -32073.69 0    2003.00     1657.00    387.00     15.00   3977.89   2236.21   2390.24
   -117.329597       34.560650   -185.56  469763.10  3824175.70  469875.00  3824125.00    852.49    850.00    595.65 -32073.69 0    2003.00     1657.00    387.00     15.00   4152.94   2414.74   2414.54
   -117.329597       34.560650   -208.75  469763.10  3824175.70  469875.00  3824125.00    852.49    850.00    595.65 -32073.69 0    2003.00     1657.00    387.00     15.00   4306.91   2576.23   2435.64
   -117.329597       34.560650   -231.95  469763.10  3824175.70  469875.00  3824125.00    852.49    850.00    595.65 -32073.69 0    2003.00     1657.00    387.00     15.00   4442.10   2721.21   2454.19
   -117.329597       34.560650   -255.14  469763.10  3824175.70  469875.00  3824125.00    852.49    850.00    595.65 -32073.69 0    2003.00     1657.00    387.00     15.00   4560.25   2850.08   2470.58
   -117.329597       34.560650   -278.34  469763.10  3824175.70  469875.00  3824125.00    852.49    850.00    595.65 -32073.69 0    2003.00     1657.00    387.00     15.00   4662.69   2963.18   2485.00
   -117.329597       34.560650   -303.46  469763.10  3824175.70  469875.00  3824125.00    852.49    850.00    595.65 -32073.69 0    2003.00     1657.00    387.00     15.00   4757.19   3068.18   2498.55
   -117.329597       34.560650   -330.68  469763.10  3824175.70  469875.00  3824125.00    852.49    850.00    595.65 -32073.69 0    2003.00     1657.00    387.00     15.00   4841.44   3161.65   2510.86
   -117.329597       34.560650   -360.17  469763.10  3824175.70  469875.00  3824125.00    852.49    850.00    595.65 -32073.69 2  470000.00  3824000.00    500.00      2.00   4890.41   3215.34   2518.13
   -117.329597       34.560650   -392.11  469763.10  3824175.70  469875.00  3824125.00    852.49    850.00    595.65 -32073.69 2  470000.00  3824000.00    500.00      2.00   4890.41   3215.34   2518.13
   -117.329597       34.560650   -426.71  469763.10  3824175.70  469875.00  3824125.00    852.49    850.00    595.65 -32073.69 2  470000.00  3824000.00    400.00      2.00   4898.99   3225.50   2519.41
   -117.329597       34.560650   -464.20  469763.10  3824175.70  469875.00  3824125.00    852.49    850.00    595.65 -32073.69 2  470000.00  3824000.00    400.00      2.00   4898.99   3225.50   2519.41
   -117.329597       34.560650   -504.80  469763.10  3824175.70  469875.00  3824125.00    852.49    850.00    595.65 -32073.69 2  470000.00  3824000.00    300.00      2.00   4904.61   3226.42   2520.26
   -117.329597       34.560650   -548.79  469763.10  3824175.70  469875.00  3824125.00    852.49    850.00    595.65 -32073.69 2  470000.00  3824000.00    300.00      2.00   4904.61   3226.42   2520.26
   -117.329597       34.560650   -596.44  469763.10  3824175.70  469875.00  3824125.00    852.49    850.00    595.65 -32073.69 2  470000.00  3824000.00    300.00      2.00   4904.61   3226.42   2520.26
   -117.329597       34.560650   -648.06  469763.10  3824175.70  469875.00  3824125.00    852.49    850.00    595.65 -32073.69 2  470000.00  3824000.00    200.00      2.00   4907.48   3227.57   2520.69
   -117.329597       34.560650   -703.98  469763.10  3824175.70  469875.00  3824125.00    852.49    850.00    595.65 -32073.69 2  470000.00  3824000.00    100.00      2.00   4911.71   3231.40   2521.32
   -117.329597       34.560650   -764.56  469763.10  3824175.70  469875.00  3824125.00    852.49    850.00    595.65 -32073.69 2  470000.00  3824000.00    100.00      2.00   4911.71   3231.40   2521.32
   -117.329597       34.560650   -830.18  469763.10  3824175.70  469875.00  3824125.00    852.49    850.00    595.65 -32073.69 2  470000.00  3824000.00      0.00      2.00   4924.63   3235.60   2523.27
   -117.329597       34.560650   -901.27  469763.10  3824175.70  469875.00  3824125.00    852.49    850.00    595.65 -32073.69 2  470000.00  3824000.00      0.00      2.00   4924.63   3235.60   2523.27
   -117.329597       34.560650   -978.28  469763.10  3824175.70  469875.00  3824125.00    852.49    850.00    595.65 -32073.69 2  470000.00  3824000.00   -100.00      2.00   4945.55   3239.11   2526.43
   -117.329597       34.560650  -1061.70  469763.10  3824175.70  469875.00  3824125.00    852.49    850.00    595.65 -32073.69 2  470000.00  3824000.00   -200.00      2.00   4965.10   3246.30   2529.40
   -117.329597       34.560650  -1152.07  469763.10  3824175.70  469875.00  3824125.00    852.49    850.00    595.65 -32073.69 2  470000.00  3824000.00   -300.00      2.00   4984.90   3256.30   2532.43
   -117.329597       34.560650  -1249.97  469763.10  3824175.70  469875.00  3824125.00    852.49    850.00    595.65 -32073.69 2  470000.00  3824000.00   -400.00      2.00   4996.38   3256.47   2534.19
   -117.329597       34.560650  -1356.02  469763.10  3824175.70  469875.00  3824125.00    852.49    850.00    595.65 -32073.69 2  470000.00  3824000.00   -500.00      2.00   5014.90   3256.89   2537.05
   -117.329597       34.560650  -1470.91  469763.10  3824175.70  469875.00  3824125.00    852.49    850.00    595.65 -32073.69 2  470000.00  3824000.00   -600.00      2.00   5039.95   3262.90   2540.94
   -117.329597       34.560650  -1595.36  469763.10  3824175.70  469875.00  3824125.00    852.49    850.00    595.65 -32073.69 2  470000.00  3824000.00   -700.00      2.00   5056.93   3269.17   2543.59
   -117.329597       34.560650  -1730.17  469763.10  3824175.70  469875.00  3824125.00    852.49    850.00    595.65 -32073.69 2  470000.00  3824000.00   -900.00      2.00   5086.66   3276.60   2548.26
   -117.329597       34.560650  -1876.22  469763.10  3824175.70  469875.00  3824125.00    852.49    850.00    595.65 -32073.69 2  470000.00  3824000.00  -1000.00      2.00   5111.51   3273.50   2552.20
   -117.329597       34.560650  -2034.43  469763.10  3824175.70  469875.00  3824125.00    852.49    850.00    595.65 -32073.69 2  470000.00  3824000.00  -1200.00      2.00   5147.78   3276.50   2558.00
   -117.329597       34.560650  -2205.82  469763.10  3824175.70  469875.00  3824125.00    852.49    850.00    595.65 -32073.69 2  470000.00  3824000.00  -1400.00      2.00   5181.38   3284.80   2563.44
   -117.329597       34.560650  -2391.48  469763.10  3824175.70  469875.00  3824125.00    852.49    850.00    595.65 -32073.69 2  470000.00  3824000.00  -1500.00      2.00   5196.05   3283.10   2565.83
   -117.329597       34.560650  -2592.60  469763.10  3824175.70  469875.00  3824125.00    852.49    850.00    595.65 -32073.69 2  470000.00  3824000.00  -1700.00      2.00   5226.77   3278.70   2570.87
   -117.329597       34.560650  -2810.48  469763.10  3824175.70  469875.00  3824125.00    852.49    850.00    595.65 -32073.69 2  470000.00  3824000.00  -2000.00      2.00   5271.54   3277.41   2578.31
   -117.329597       34.560650  -3046.50  469763.10  3824175.70  469875.00  3824125.00    852.49    850.00    595.65 -32073.69 2  470000.00  3824000.00  -2200.00      2.00   5300.74   3275.20   2583.22
   -117.329597       34.560650  -3302.17  469763.10  3824175.70  469875.00  3824125.00    852.49    850.00    595.65 -32073.69 2  470000.00  3824000.00  -2400.00      2.00   5327.52   3268.07   2587.77
   -117.329597       34.560650  -3579.15  469763.10  3824175.70  469875.00  3824125.00    852.49    850.00    595.65 -32073.69 2  470000.00  3824000.00  -2700.00      2.00   5370.23   3258.84   2595.10
   -117.329597       34.560650  -3879.19  469763.10  3824175.70  469875.00  3824125.00    852.49    850.00    595.65 -32073.69 2  470000.00  3824000.00  -3000.00      2.00   5411.17   3251.11   2602.23
   -117.329597       34.560650  -4204.22  469763.10  3824175.70  469875.00  3824125.00    852.49    850.00    595.65 -32073.69 2  470000.00  3824000.00  -3400.00      2.00   5471.60   3268.50   2612.94
   -117.329597       34.560650  -4556.32  469763.10  3824175.70  469875.00  3824125.00    852.49    850.00    595.65 -32073.69 2  470000.00  3824000.00  -3700.00      2.00   5538.65   3290.50   2625.08
   -117.329597       34.560650  -4937.75  469763.10  3824175.70  469875.00  3824125.00    852.49    850.00    595.65 -32073.69 2  470000.00  3824000.00  -4100.00      2.00   5617.58   3315.56   2639.74
   -117.329597       34.560650  -5350.94  469763.10  3824175.70  469875.00  3824125.00    852.49    850.00    595.65 -32073.69 2  470000.00  3824000.00  -4500.00      2.00   5687.35   3340.51   2653.03
   -117.329597       34.560650  -5798.55  469763.10  3824175.70  469875.00  3824125.00    852.49    850.00    595.65 -32073.69 2  470000.00  3824000.00  -4900.00      2.00   5764.54   3372.09   2668.11
   -117.329597       34.560650  -6283.44  469763.10  3824175.70  469875.00  3824125.00    852.49    850.00    595.65 -32073.69 2  470000.00  3824000.00  -5400.00      2.00   5877.60   3420.40   2690.94
   -117.329597       34.560650  -6808.72  469763.10  3824175.70  469875.00  3824125.00    852.49    850.00    595.65 -32073.69 2  470000.00  3824000.00  -6000.00      2.00   5930.14   3437.20   2701.85
   -117.329597       34.560650  -7377.74  469763.10  3824175.70  469875.00  3824125.00    852.49    850.00    595.65 -32073.69 2  470000.00  3824000.00  -6500.00      2.00   5953.30   3451.39   2706.72
   -117.329597       34.560650  -7994.16  469763.10  3824175.70  469875.00  3824125.00    852.49    850.00    595.65 -32073.69 2  470000.00  3824000.00  -7100.00      2.00   5953.38   3466.69   2706.73
   -117.329597       34.560650  -8661.91  469763.10  3824175.70  469875.00  3824125.00    852.49    850.00    595.65 -32073.69 2  470000.00  3824000.00  -7800.00      2.00   5950.36   3472.97   2706.10
   -117.329597       34.560650  -9385.28  469763.10  3824175.70  469875.00  3824125.00    852.49    850.00    595.65 -32073.69 2  470000.00  3824000.00  -8500.00      2.00   5950.59   3499.00   2706.15
   -117.329597       34.560650 -10168.90  469763.10  3824175.70  469875.00  3824125.00    852.49    850.00    595.65 -32073.69 2  470000.00  3824000.00  -9300.00      2.00   5958.35   3537.47   2707.79
   -117.329597       34.560650 -11017.78  469763.10  3824175.70  469875.00  3824125.00    852.49    850.00    595.65 -32073.69 2  470000.00  3824000.00 -10200.00      2.00   5993.13   3579.59   2715.18
   -117.329597       34.560650 -11937.36  469763.10  3824175.70  469875.00  3824125.00    852.49    850.00    595.65 -32073.69 2  470000.00  3824000.00 -11100.00      2.00   6050.87   3594.29   2727.66
   -117.329597       34.560650 -12933.54  469763.10  3824175.70  469875.00  3824125.00    852.49    850.00    595.65 -32073.69 2  470000.00  3824000.00 -12100.00      2.00   6124.33   3618.03   2743.88
   -117.329597       34.560650 -14012.68  469763.10  3824175.70  469875.00  3824125.00    852.49    850.00    595.65 -32073.69 2  470000.00  3824000.00 -13200.00      2.00   6211.59   3647.07   2763.66
   -117.329597       34.560650 -15181.70  469763.10  3824175.70  469875.00  3824125.00    852.49    850.00    595.65 -32073.69 2  470000.00  3824000.00 -14300.00      2.00   6295.75   3676.52   2783.27
   -117.329597       34.560650 -16448.08  469763.10  3824175.70  469875.00  3824125.00    852.49    850.00    595.65 -32073.69 3  470000.00  3820000.00 -16000.00      2.00   6386.87   3697.50   2805.09
   -117.329597       34.560650 -17819.94  469763.10  3824175.70  469875.00  3824125.00    852.49    850.00    595.65 -32073.69 3  470000.00  3820000.00 -17000.00      2.00   6489.39   3695.00   2830.39
   -117.329597       34.560650 -19306.05  469763.10  3824175.70  469875.00  3824125.00    852.49    850.00    595.65 -32073.69 3  470000.00  3820000.00 -18000.00      2.00   6474.79   3683.30   2826.74
   -117.329597       34.560650 -20915.94  469763.10  3824175.70  469875.00  3824125.00    852.49    850.00    595.65 -32073.69 3  470000.00  3820000.00 -20000.00      2.00   6546.12   3747.30   2844.73
   -117.329597       34.560650 -22659.91  469763.10  3824175.70  469875.00  3824125.00    852.49    850.00    595.65 -32073.69 3  470000.00  3820000.00 -22000.00      2.00   6530.03   3724.40   2840.63
   -117.329597       34.560650 -24549.13  469763.10  3824175.70  469875.00  3824125.00    852.49    850.00    595.65 -32073.69 3  470000.00  3820000.00 -24000.00      2.00   6608.89   3784.90   2860.87
   -117.329597       34.560650 -26595.70  469763.10  3824175.70  469875.00  3824125.00    852.49    850.00    595.65 -32073.69 3  470000.00  3820000.00 -26000.00      2.00   6629.96   3789.00   2866.35
   -117.329597       34.560650 -28812.73  469763.10  3824175.70  469875.00  3824125.00    852.49    850.00    595.65 -32073.69 3  470000.00  3820000.00 -28000.00      2.00   6646.35   3787.80   2870.64
   -117.329597       34.560650 -31214.40  469763.10  3824175.70  469875.00  3824125.00    852.49    850.00    595.65 -32073.69 3  470000.00  3820000.00 -30000.00      2.00   6662.85   3786.80   2874.98
   -117.329597       34.560650 -41214.40  469763.10  3824175.70  469875.00  3824125.00    852.49    850.00    595.65 -32073.69 3  470000.00  3820000.00 -40000.00      1.00   7703.31   4392.11   3188.29
   -117.329597       34.560650 -51214.40  469763.10  3824175.70  469875.00  3824125.00    852.49    850.00    595.65 -32073.69 3  470000.00  3820000.00 -50000.00      1.00   7742.11   4406.17   3201.41
   -117.329597       34.560650 -61214.40  469763.10  3824175.70  469875.00  3824125.00    852.49    850.00    595.65 -32073.69 3  470000.00  3820000.00 -60000.00      1.00   7774.74   4421.41   3212.52
   -117.329597       34.560650 -71214.40  469763.10  3824175.70  469875.00  3824125.00    852.49    850.00    595.65 -32073.69 3  470000.00  3820000.00 -70000.00      1.00   7809.75   4439.32   3224.52
   -117.329597       34.560650 -81214.40  469763.10  3824175.70  469875.00  3824125.00    852.49    850.00    595.65 -32073.69 3  470000.00  3820000.00 -80000.00      1.00   7844.55   4456.91   3236.51
   -117.329597       34.560650 -91214.40  469763.10  3824175.70  469875.00  3824125.00    852.49    850.00    595.65 -32073.69 3  470000.00  3820000.00 -90000.00      1.00   7877.81   4472.69   3248.05
   -117.329597       34.560650 -101214.40  469763.10  3824175.70  469875.00  3824125.00    852.49    850.00    595.65 -32073.69 3  470000.00  3820000.00 -100000.00      1.00   7909.42   4486.53   3259.07
   -117.329597       34.560650 -111214.40  469763.10  3824175.70  469875.00  3824125.00    852.49    850.00    595.65 -32073.69 3  470000.00  3820000.00 -110000.00      1.00   7959.57   4521.39   3276.69
   -117.329597       34.560650 -121214.40  469763.10  3824175.70  469875.00  3824125.00    852.49    850.00    595.65 -32073.69 3  470000.00  3820000.00 -120000.00      1.00   7981.79   4524.44   3284.55
   -117.329597       34.560650 -131214.40  469763.10  3824175.70  469875.00  3824125.00    852.49    850.00    595.65 -32073.69 3  470000.00  3820000.00 -130000.00      1.00   8003.55   4526.97   3292.27
   -117.329597       34.560650 -141214.40  469763.10  3824175.70  469875.00  3824125.00    852.49    850.00    595.65 -32073.69 3  470000.00  3820000.00 -140000.00      1.00   8025.31   4529.50   3300.02
   -117.329597       34.560650 -151214.40  469763.10  3824175.70  469875.00  3824125.00    852.49    850.00    595.65 -32073.69 3  470000.00  3820000.00 -150000.00      1.00   8047.08   4532.04   3307.80
   -117.329597       34.560650 -161214.40  469763.10  3824175.70  469875.00  3824125.00    852.49    850.00    595.65 -32073.69 3  470000.00  3820000.00 -160000.00      1.00   8068.84   4534.57   3315.60
