   -118.286308       34.019192    -23.19  381232.53  3764835.39  381125.00  3764875.00     59.51     50.00  -4868.47 -27895.95 0    1649.00     1419.00    280.00     15.00   1610.66    327.97   1703.47
   -118.286308       34.019192    -46.39  381232.53  3764835.39  381125.00  3764875.00     59.51     50.00  -4868.47 -27895.95 0    1649.00     1419.00    280.00     15.00   1829.85    389.54   1824.08
   -118.286308       34.019192    -69.58  381232.53  3764835.39  381125.00  3764875.00     59.51     50.00  -4868.47 -27895.95 0    1649.00     1419.00    280.00     15.00   1947.14    430.55   1881.20
   -118.286308       34.019192    -92.78  381232.53  3764835.39  381125.00  3764875.00     59.51     50.00  -4868.47 -27895.95 0    1649.00     1419.00    280.00     15.00   2015.28    461.04   1912.21
   -118.286308       34.019192   -115.97  381232.53  3764835.39  381125.00  3764875.00     59.51     50.00  -4868.47 -27895.95 0    1649.00     1419.00    280.00     15.00   2054.68    484.92   1929.45
   -118.286308       34.019192   -139.17  381232.53  3764835.39  381125.00  3764875.00     59.51     50.00  -4868.47 -27895.95 0    1649.00     1419.00    280.00     15.00   2075.82    504.18   1938.50
   -118.286308       34.019192   -162.36  381232.53  3764835.39  381125.00  3764875.00     59.51     50.00  -4868.47 -27895.95 0    1649.00     1419.00    280.00     15.00   2084.93    520.00   1942.35
   -118.286308       34.019192   -185.56  381232.53  3764835.39  381125.00  3764875.00     59.51     50.00  -4868.47 -27895.95 0    1649.00     1419.00    280.00     15.00   2086.05    533.17   1942.83
   -118.286308       34.019192   -208.75  381232.53  3764835.39  381125.00  3764875.00     59.51     50.00  -4868.47 -27895.95 0    1649.00     1419.00    280.00     15.00   2082.01    544.21   1941.12
   -118.286308       34.019192   -231.95  381232.53  3764835.39  381125.00  3764875.00     59.51     50.00  -4868.47 -27895.95 0    1649.00     1419.00    280.00     15.00   2074.86    553.51   1938.09
   -118.286308       34.019192   -255.14  381232.53  3764835.39  381125.00  3764875.00     59.51     50.00  -4868.47 -27895.95 0    1649.00     1419.00    280.00     15.00   2066.14    561.38   1934.37
   -118.286308       34.019192   -278.34  381232.53  3764835.39  381125.00  3764875.00     59.51     50.00  -4868.47 -27895.95 0    1649.00     1419.00    280.00     15.00   2057.05    568.04   1930.48
   -118.286308       34.019192   -303.46  381232.53  3764835.39  381125.00  3764875.00     59.51     50.00  -4868.47 -27895.95 0    1649.00     1419.00    280.00     15.00   2047.91    574.10   1926.52
   -118.286308       34.019192   -330.68  381232.53  3764835.39  381125.00  3764875.00     59.51     50.00  -4868.47 -27895.95 0    1649.00     1419.00    280.00     15.00   2039.92    579.52   1923.05
   -118.286308       34.019192   -360.17  381232.53  3764835.39  381125.00  3764875.00     59.51     50.00  -4868.47 -27895.95 1  381302.25  3764750.00   -300.00      3.00   2035.99    582.75   1921.33
   -118.286308       34.019192   -392.11  381232.53  3764835.39  381125.00  3764875.00     59.51     50.00  -4868.47 -27895.95 1  381302.25  3764750.00   -300.00      3.00   2035.99    582.75   1921.33
   -118.286308       34.019192   -426.71  381232.53  3764835.39  381125.00  3764875.00     59.51     50.00  -4868.47 -27895.95 1  381302.25  3764750.00   -400.00      3.00   2103.78    641.19   1950.25
   -118.286308       34.019192   -464.20  381232.53  3764835.39  381125.00  3764875.00     59.51     50.00  -4868.47 -27895.95 1  381302.25  3764750.00   -400.00      3.00   2103.78    641.19   1950.25
   -118.286308       34.019192   -504.80  381232.53  3764835.39  381125.00  3764875.00     59.51     50.00  -4868.47 -27895.95 1  381302.25  3764750.00   -400.00      3.00   2103.78    641.19   1950.25
   -118.286308       34.019192   -548.79  381232.53  3764835.39  381125.00  3764875.00     59.51     50.00  -4868.47 -27895.95 1  381302.25  3764750.00   -500.00      3.00   2146.82    678.29   1967.87
   -118.286308       34.019192   -596.44  381232.53  3764835.39  381125.00  3764875.00     59.51     50.00  -4868.47 -27895.95 1  381302.25  3764750.00   -500.00      3.00   2146.82    678.29   1967.87
   -118.286308       34.019192   -648.06  381232.53  3764835.39  381125.00  3764875.00     59.51     50.00  -4868.47 -27895.95 1  381302.25  3764750.00   -600.00      3.00   2186.87    712.82   1983.78
   -118.286308       34.019192   -703.98  381232.53  3764835.39  381125.00  3764875.00     59.51     50.00  -4868.47 -27895.95 1  381302.25  3764750.00   -600.00      3.00   2186.87    712.82   1983.78
   -118.286308       34.019192   -764.56  381232.53  3764835.39  381125.00  3764875.00     59.51     50.00  -4868.47 -27895.95 1  381302.25  3764750.00   -700.00      3.00   2221.12    742.34   1997.01
   -118.286308       34.019192   -830.18  381232.53  3764835.39  381125.00  3764875.00     59.51     50.00  -4868.47 -27895.95 1  381302.25  3764750.00   -800.00      3.00   2251.24    768.31   2008.38
   -118.286308       34.019192   -901.27  381232.53  3764835.39  381125.00  3764875.00     59.51     50.00  -4868.47 -27895.95 1  381302.25  3764750.00   -800.00      3.00   2251.24    768.31   2008.38
   -118.286308       34.019192   -978.28  381232.53  3764835.39  381125.00  3764875.00     59.51     50.00  -4868.47 -27895.95 1  381302.25  3764750.00   -900.00      3.00   2286.18    798.43   2021.25
   -118.286308       34.019192  -1061.70  381232.53  3764835.39  381125.00  3764875.00     59.51     50.00  -4868.47 -27895.95 1  381302.25  3764750.00  -1000.00      3.00   2333.64    839.35   2038.21
   -118.286308       34.019192  -1152.07  381232.53  3764835.39  381125.00  3764875.00     59.51     50.00  -4868.47 -27895.95 1  381302.25  3764750.00  -1100.00      3.00   2403.53    899.60   2062.13
   -118.286308       34.019192  -1249.97  381232.53  3764835.39  381125.00  3764875.00     59.51     50.00  -4868.47 -27895.95 1  381302.25  3764750.00  -1200.00      3.00   2479.96    965.48   2086.92
   -118.286308       34.019192  -1356.02  381232.53  3764835.39  381125.00  3764875.00     59.51     50.00  -4868.47 -27895.95 1  381302.25  3764750.00  -1300.00      3.00   2590.30   1060.60   2120.35
   -118.286308       34.019192  -1470.91  381232.53  3764835.39  381125.00  3764875.00     59.51     50.00  -4868.47 -27895.95 1  381302.25  3764750.00  -1400.00      3.00   2703.98   1158.60   2152.12
   -118.286308       34.019192  -1595.36  381232.53  3764835.39  381125.00  3764875.00     59.51     50.00  -4868.47 -27895.95 1  381302.25  3764750.00  -1500.00      3.00   2828.48   1265.93   2184.08
   -118.286308       34.019192  -1730.17  381232.53  3764835.39  381125.00  3764875.00     59.51     50.00  -4868.47 -27895.95 1  381302.25  3764750.00  -1700.00      3.00   3007.13   1419.94   2225.41
   -118.286308       34.019192  -1876.22  381232.53  3764835.39  381125.00  3764875.00     59.51     50.00  -4868.47 -27895.95 1  381302.25  3764750.00  -1800.00      3.00   3043.52   1451.31   2233.25
   -118.286308       34.019192  -2034.43  381232.53  3764835.39  381125.00  3764875.00     59.51     50.00  -4868.47 -27895.95 1  381302.25  3764750.00  -2000.00      3.00   3096.66   1497.12   2244.36
   -118.286308       34.019192  -2205.82  381232.53  3764835.39  381125.00  3764875.00     59.51     50.00  -4868.47 -27895.95 1  381302.25  3764750.00  -2100.00      3.00   3153.51   1546.13   2255.85
   -118.286308       34.019192  -2391.48  381232.53  3764835.39  381125.00  3764875.00     59.51     50.00  -4868.47 -27895.95 1  381302.25  3764750.00  -2300.00      3.00   3320.63   1690.20   2287.44
   -118.286308       34.019192  -2592.60  381232.53  3764835.39  381125.00  3764875.00     59.51     50.00  -4868.47 -27895.95 1  381302.25  3764750.00  -2500.00      3.00   3486.53   1833.22   2316.07
   -118.286308       34.019192  -2810.48  381232.53  3764835.39  381125.00  3764875.00     59.51     50.00  -4868.47 -27895.95 1  381302.25  3764750.00  -2800.00      3.00   3740.67   2052.30   2355.94
   -118.286308       34.019192  -3046.50  381232.53  3764835.39  381125.00  3764875.00     59.51     50.00  -4868.47 -27895.95 1  381302.25  3764750.00  -3000.00      3.00   4013.98   2287.91   2395.30
   -118.286308       34.019192  -3302.17  381232.53  3764835.39  381125.00  3764875.00     59.51     50.00  -4868.47 -27895.95 1  381302.25  3764750.00  -3200.00      3.00   4343.93   2554.29   2440.71
   -118.286308       34.019192  -3579.15  381232.53  3764835.39  381125.00  3764875.00     59.51     50.00  -4868.47 -27895.95 1  381302.25  3764750.00  -3500.00      3.00   3839.75   2137.72   2370.53
   -118.286308       34.019192  -3879.19  381232.53  3764835.39  381125.00  3764875.00     59.51     50.00  -4868.47 -27895.95 1  381302.25  3764750.00  -3800.00      3.00   3748.68   2059.21   2357.14
   -118.286308       34.019192  -4204.22  381232.53  3764835.39  381125.00  3764875.00     59.51     50.00  -4868.47 -27895.95 1  381302.25  3764750.00  -4100.00      3.00   3654.97   1978.42   2342.94
   -118.286308       34.019192  -4556.32  381232.53  3764835.39  381125.00  3764875.00     59.51     50.00  -4868.47 -27895.95 1  381302.25  3764750.00  -4500.00      3.00   3641.00   1966.38   2340.78
   -118.286308       34.019192  -4937.75  381232.53  3764835.39  381125.00  3764875.00     59.51     50.00  -4868.47 -27895.95 1  381302.25  3764750.00  -4900.00      3.00   3810.02   2112.09   2366.20
   -118.286308       34.019192  -5350.94  381232.53  3764835.39  381125.00  3764875.00     59.51     50.00  -4868.47 -27895.95 1  381302.25  3764750.00  -5300.00      2.00   4925.24   2840.71   2523.36
   -118.286308       34.019192  -5798.55  381232.53  3764835.39  381125.00  3764875.00     59.51     50.00  -4868.47 -27895.95 1  381302.25  3764750.00  -5700.00      2.00   5752.10   3399.26   2665.65
   -118.286308       34.019192  -6283.44  381232.53  3764835.39  381125.00  3764875.00     59.51     50.00  -4868.47 -27895.95 1  381302.25  3764750.00  -6200.00      2.00   5808.87   3442.68   2676.96
   -118.286308       34.019192  -6808.72  381232.53  3764835.39  381125.00  3764875.00     59.51     50.00  -4868.47 -27895.95 1  381302.25  3764750.00  -6700.00      2.00   5865.07   3475.71   2688.36
   -118.286308       34.019192  -7377.74  381232.53  3764835.39  381125.00  3764875.00     59.51     50.00  -4868.47 -27895.95 1  381302.25  3764750.00  -7300.00      2.00   5895.82   3492.58   2694.70
   -118.286308       34.019192  -7994.16  381232.53  3764835.39  381125.00  3764875.00     59.51     50.00  -4868.47 -27895.95 1  381302.25  3764750.00  -7900.00      2.00   5946.54   3527.43   2705.29
   -118.286308       34.019192  -8661.91  381232.53  3764835.39  381125.00  3764875.00     59.51     50.00  -4868.47 -27895.95 1  381302.25  3764750.00  -8600.00      2.00   6032.58   3584.39   2723.68
   -118.286308       34.019192  -9385.28  381232.53  3764835.39  381125.00  3764875.00     59.51     50.00  -4868.47 -27895.95 1  381302.25  3764750.00  -9300.00      2.00   6112.91   3637.30   2741.33
   -118.286308       34.019192 -10168.90  381232.53  3764835.39  381125.00  3764875.00     59.51     50.00  -4868.47 -27895.95 2  381000.00  3765000.00 -10100.00      2.00   6197.92   3692.45   2760.53
   -118.286308       34.019192 -11017.78  381232.53  3764835.39  381125.00  3764875.00     59.51     50.00  -4868.47 -27895.95 2  381000.00  3765000.00 -11000.00      2.00   6220.62   3687.48   2765.74
   -118.286308       34.019192 -11937.36  381232.53  3764835.39  381125.00  3764875.00     59.51     50.00  -4868.47 -27895.95 2  381000.00  3765000.00 -11900.00      2.00   6250.32   3691.67   2772.62
   -118.286308       34.019192 -12933.54  381232.53  3764835.39  381125.00  3764875.00     59.51     50.00  -4868.47 -27895.95 2  381000.00  3765000.00 -12900.00      2.00   6273.29   3673.83   2777.99
   -118.286308       34.019192 -14012.68  381232.53  3764835.39  381125.00  3764875.00     59.51     50.00  -4868.47 -27895.95 2  381000.00  3765000.00 -14000.00      2.00   6312.87   3690.98   2787.32
   -118.286308       34.019192 -15181.70  381232.53  3764835.39  381125.00  3764875.00     59.51     50.00  -4868.47 -27895.95 3  380000.00  3760000.00 -15000.00      2.00   6353.74   3644.60   2797.09
   -118.286308       34.019192 -16448.08  381232.53  3764835.39  381125.00  3764875.00     59.51     50.00  -4868.47 -27895.95 3  380000.00  3760000.00 -16000.00      2.00   6378.91   3615.00   2803.16
   -118.286308       34.019192 -17819.94  381232.53  3764835.39  381125.00  3764875.00     59.51     50.00  -4868.47 -27895.95 3  380000.00  3760000.00 -18000.00      2.00   6445.66   3683.80   2819.50
   -118.286308       34.019192 -19306.05  381232.53  3764835.39  381125.00  3764875.00     59.51     50.00  -4868.47 -27895.95 3  380000.00  3760000.00 -19000.00      2.00   6477.84   3706.90   2827.50
   -118.286308       34.019192 -20915.94  381232.53  3764835.39  381125.00  3764875.00     59.51     50.00  -4868.47 -27895.95 3  380000.00  3760000.00 -21000.00      2.00   6587.66   3801.30   2855.37
   -118.286308       34.019192 -22659.91  381232.53  3764835.39  381125.00  3764875.00     59.51     50.00  -4868.47 -27895.95 3  380000.00  3760000.00 -23000.00      2.00   6629.22   3814.10   2866.16
   -118.286308       34.019192 -24549.13  381232.53  3764835.39  381125.00  3764875.00     59.51     50.00  -4868.47 -27895.95 3  380000.00  3760000.00 -24000.00      2.00   6632.51   3806.00   2867.02
   -118.286308       34.019192 -26595.70  381232.53  3764835.39  381125.00  3764875.00     59.51     50.00  -4868.47 -27895.95 3  380000.00  3760000.00 -27000.00     11.00   7798.89   4488.92   3220.79
   -118.286308       34.019192 -28812.73  381232.53  3764835.39  381125.00  3764875.00     59.51     50.00  -4868.47 -27895.95 3  380000.00  3760000.00 -29000.00     11.00   7798.89   4488.92   3220.79
   -118.286308       34.019192 -31214.40  381232.53  3764835.39  381125.00  3764875.00     59.51     50.00  -4868.47 -27895.95 3  380000.00  3760000.00 -31000.00     11.00   7798.89   4488.92   3220.79
   -118.286308       34.019192 -41214.40  381232.53  3764835.39  381125.00  3764875.00     59.51     50.00  -4868.47 -27895.95 3  380000.00  3760000.00 -41000.00      1.00   7764.25   4438.03   3208.94
   -118.286308       34.019192 -51214.40  381232.53  3764835.39  381125.00  3764875.00     59.51     50.00  -4868.47 -27895.95 3  380000.00  3760000.00 -51000.00      1.00   7783.98   4438.93   3215.68
   -118.286308       34.019192 -61214.40  381232.53  3764835.39  381125.00  3764875.00     59.51     50.00  -4868.47 -27895.95 3  380000.00  3760000.00 -61000.00      1.00   7810.57   4447.70   3224.80
   -118.286308       34.019192 -71214.40  381232.53  3764835.39  381125.00  3764875.00     59.51     50.00  -4868.47 -27895.95 3  380000.00  3760000.00 -71000.00      1.00   7840.25   4459.99   3235.02
   -118.286308       34.019192 -81214.40  381232.53  3764835.39  381125.00  3764875.00     59.51     50.00  -4868.47 -27895.95 3  380000.00  3760000.00 -81000.00      1.00   7870.53   4472.91   3245.52
   -118.286308       34.019192 -91214.40  381232.53  3764835.39  381125.00  3764875.00     59.51     50.00  -4868.47 -27895.95 3  380000.00  3760000.00 -91000.00      1.00   7900.08   4484.96   3255.81
   -118.286308       34.019192 -101214.40  381232.53  3764835.39  381125.00  3764875.00     59.51     50.00  -4868.47 -27895.95 3  380000.00  3760000.00 -101000.00      1.00   7929.61   4496.95   3266.15
   -118.286308       34.019192 -111214.40  381232.53  3764835.39  381125.00  3764875.00     59.51     50.00  -4868.47 -27895.95 3  380000.00  3760000.00 -111000.00      1.00   7971.83   4523.28   3281.02
   -118.286308       34.019192 -121214.40  381232.53  3764835.39  381125.00  3764875.00     59.51     50.00  -4868.47 -27895.95 3  380000.00  3760000.00 -121000.00      1.00   7993.05   4525.75   3288.54
   -118.286308       34.019192 -131214.40  381232.53  3764835.39  381125.00  3764875.00     59.51     50.00  -4868.47 -27895.95 3  380000.00  3760000.00 -131000.00      1.00   8014.28   4528.22   3296.09
   -118.286308       34.019192 -141214.40  381232.53  3764835.39  381125.00  3764875.00     59.51     50.00  -4868.47 -27895.95 3  380000.00  3760000.00 -141000.00      1.00   8035.50   4530.69   3303.66
   -118.286308       34.019192 -151214.40  381232.53  3764835.39  381125.00  3764875.00     59.51     50.00  -4868.47 -27895.95 3  380000.00  3760000.00 -151000.00      1.00   8056.72   4533.16   3311.26
   -118.286308       34.019192 -161214.40  381232.53  3764835.39  381125.00  3764875.00     59.51     50.00  -4868.47 -27895.95 3  380000.00  3760000.00 -161000.00      1.00   8077.95   4535.63   3318.88
