166.65 -13.81 43 6.89 -0.53 -6.35 0.54 -0.17 2.00 26 X Y 201005271714A  
167.81 -17.57 32 0.74 -0.08 -0.66 0.53 -0.29 0.42 27 X Y 201008100523A  
168.04 -19.67 17 -1.02 0.07 0.95 -0.42 -0.12 -0.35 27 X Y 201012251316A  
167.94 -18.52 33 5.28 -0.45 -4.83 1.27 -3.06 1.77 26 X Y 201108201655A  
167.94 -18.26 36 4.08 -0.28 -3.80 0.79 -1.75 1.43 26 X Y 201108201819A  
167.11 -17.69 21 -2.92 -1.20 4.13 -0.92 0.90 2.36 26 X Y 201202021334A  
165.21 -11.18 20 0.62 -0.24 -0.37 0.44 -0.56 0.30 28 X Y 201302060112A  
164.86 -11.32 23 -5.42 0.63 4.79 -0.04 1.39 -1.51 26 X Y 201302060123A  
165.92 -10.72 24 0.03 0.43 -0.46 -0.49 0.65 -4.62 26 X Y 201302081526A  
162.24 -11.35 27 0.26 1.66 -1.93 2.24 0.74 1.76 27 X Y 201404122014A  
161.97 -11.45 37 1.68 -1.78 0.10 -0.14 0.28 0.34 27 X Y 201404131236A  
163.54 -10.90 15 0.18 -1.53 1.35 1.16 -1.56 2.40 26 X Y 201505222145A  
167.26 -16.05 34 3.33 -0.61 -2.72 0.32 -1.09 1.56 26 X Y 201604281933A  
173.07 -22.56 22 -0.88 -3.76 4.63 -0.18 2.06 -5.31 26 X Y 201608120126A  
161.12 -10.46 46 5.22 -3.57 -1.65 -1.35 -1.86 3.69 27 X Y 201612081738A  
168.67 -21.45 12 -3.19 0.68 2.51 -0.72 1.10 -1.31 26 X Y 201711192243A  